8 64 0.000702
8 64 0.000715
8 64 0.000717
8 64 0.000721
8 100 0.006395
8 100 0.002076
8 100 0.002183
8 100 0.002094
8 400 0.357044
8 400 0.109649
8 400 0.109888
8 400 0.352132
8 800 0.937228
8 800 0.879239
8 800 0.863595
8 800 0.857339
8 1024 1.92188
8 1024 1.8105
8 1024 1.86187
8 1024 1.79862
16 64 0.000672
16 64 0.000693
16 64 0.000693
16 64 0.000708
16 100 0.001697
16 100 0.001815
16 100 0.001719
16 100 0.001738
16 400 0.08058
16 400 0.081095
16 400 0.277676
16 400 0.057295
16 800 0.558162
16 800 0.641349
16 800 0.593162
16 800 0.59427
16 1024 1.12217
16 1024 0.942817
16 1024 0.967444
16 1024 1.23515
32 64 0.002078
32 64 0.001084
32 64 0.002198
32 64 0.002135
32 100 0.001734
32 100 0.001811
32 100 0.001813
32 100 0.001831
32 400 0.057938
32 400 0.058422
32 400 0.057816
32 400 0.057842
32 800 0.448796
32 800 0.02845
32 800 0.615254
32 800 0.470171
32 1024 1.07536
32 1024 1.1915
32 1024 1.11163
32 1024 1.04023
64 64 0.002097
64 64 0.002059
64 64 0.002085
64 64 0.00215
64 100 0.006747
64 100 0.006169
64 100 0.006256
64 100 0.00292
64 400 0.059064
64 400 0.059156
64 400 0.059014
64 400 0.059129
64 800 0.479222
64 800 0.607069
64 800 0.586137
64 800 0.500421
64 1024 1.18561
64 1024 1.10697
64 1024 1.24896
64 1024 1.10474
100 64 0.004175
100 64 0.002967
100 64 0.003072
100 64 0.004184
100 100 0.003927
100 100 0.007835
100 100 0.007631
100 100 0.003964
100 400 0.059946
100 400 0.060235
100 400 0.059989
100 400 0.06005
100 800 0.0323
100 800 0.49656
100 800 0.448955
100 800 0.466762
100 1024 0.940579
100 1024 1.18876
100 1024 1.06216
100 1024 1.01715
160 64 0.005834
160 64 0.00664
160 64 0.007287
160 64 0.007568
160 100 0.007459
160 100 0.00843
160 100 0.007947
160 100 0.008316
160 400 0.088678
160 400 0.087651
160 400 0.088103
160 400 0.087608
160 800 0.586699
160 800 0.489033
160 800 0.576934
160 800 0.52507
160 1024 1.0518
160 1024 0.99446
160 1024 0.939358
160 1024 1.029
