8 64 0.00071375
8 100 0.003187
8 400 0.23217825
8 800 0.88435025
8 1024 1.8482175
16 64 0.0006915
16 100 0.0017422499999999999
16 400 0.1241615
16 800 0.59673575
16 1024 1.06689525
32 64 0.00187375
32 100 0.00179725
32 400 0.0580045
32 800 0.39066775
32 1024 1.10468
64 64 0.00209775
64 100 0.005523
64 400 0.05909075
64 800 0.5432122500000001
64 1024 1.1615700000000002
100 64 0.0035995000000000003
100 100 0.00583925
100 400 0.060055
100 800 0.36114425
100 1024 1.0521622499999999
160 64 0.00683225
160 100 0.008038
160 400 0.08801
160 800 0.544434
160 1024 1.0036545000000001
