8 64 0.0005795
8 100 0.0020787500000000003
8 400 0.14491975
8 800 0.6737175
8 1024 1.4454850000000001
16 64 0.0007735
16 100 0.00226475
16 400 0.06570175
16 800 0.4652775
16 1024 1.2331325
32 64 0.0011732499999999998
32 100 0.0018405000000000001
32 400 0.05679625
32 800 0.4341455
32 1024 0.8487045
64 64 0.0025145000000000002
64 100 0.0047367500000000005
64 400 0.05188975
64 800 0.3857195
64 1024 0.7699892500000001
100 64 0.00316375
100 100 0.0041595
100 400 0.052815249999999994
100 800 0.32798075
100 1024 0.69469125
160 64 0.0050455000000000005
160 100 0.0073089999999999995
160 400 0.054771
160 800 0.35147775000000003
160 1024 0.67712825
